Pb size;sequential;2 threads;4 threads;8 threads
10;0.000;0.000;0.009;0.001;0.001
11;0.001;0.001;0.004;0.001;0.002
12;0.001;0.001;0.005;0.003;0.001
13;0.004;0.004;0.005;0.001;0.003
14;0.006;0.002;0.006;0.002;0.003
15;0.006;0.003;0.005;0.003;0.004
16;0.008;0.005;0.008;0.006;0.006
17;0.016;0.010;0.013;0.011;0.010
18;0.027;0.019;0.020;0.021;0.017
19;0.041;0.038;0.038;0.039;0.034
20;0.085;0.077;0.076;0.078;0.076
21;0.163;0.157;0.154;0.0151;0.140
22;0.342;0.326;0.358;0.313;0.293
23;0.728;0.710;0.650;0.664;0.60
